######################################################
####### Samson Mano's Varai2D Raw Data ###############
######################################################
[+] End Points, 15
0, -9.000000251093269, -2.5980764476318106
2, -5.7535987170610024E-08, 2.5980764476318106
3, -4.5000002898024425, -0
4, -2.2500001996531576, 1.2990381443430423
5, -6.750000379951728, -1.2990382238159053
6, -3.000000229702919, -2.5980764476318106
8, -6.000000349901965, -2.5980764476318106
9, -1.5000001696033956, -0
1, 4.500000070794698, -0
7, 2.2500001395911386, 1.2990381443430423
10, 9.000000251093269, -2.5980764476318106
11, 6.750000160943983, -1.2990382238159053
12, 3.0000000106951745, -2.5980764476318106
13, 6.000000130894222, -2.5980764476318106
14, 1.5000001095413769, -0
[+] Lines, 27
2, 3, 4
4, 4, 2
1, 0, 5
5, 5, 3
7, 3, 6
0, 0, 8
9, 8, 6
8, 6, 9
10, 9, 2
11, 4, 9
12, 8, 5
13, 8, 3
14, 3, 9
3, 1, 7
6, 7, 2
15, 10, 11
16, 11, 1
17, 1, 12
18, 10, 13
19, 13, 12
20, 12, 14
21, 14, 2
22, 7, 14
23, 13, 11
24, 13, 1
25, 1, 14
26, 6, 12
######################################################
######################################################
