######################################################
####### Samson Mano's Varai2D Raw Data ###############
######################################################
[+] End Points, 23
0, -27.499999948872304, -2.919662592057585
1, -27.499999948872304, 0.4553375021023878
9, -8.776617777241854E-08, -2.2316625926654696
12, -6.00700025005495, -2.2316625926654696
13, -17.477000156152705, -2.509434555780211
15, -11.875000286693966, -2.359862324882344
14, -22.706999920313763, -2.700663458584084
6, -25.0250002257155, 0.8874367776502363
8, -20.027999998274232, 1.6363770805206754
7, -14.62599995412077, 2.253108980254068
10, -8.908999863653795, 2.692878217982296
11, -2.9929997061543103, 2.9196625934082623
2, 27.500000589607353, -2.919662592057585
3, 27.500000589607353, 0.4553375021023878
4, 6.0069996744188465, -2.2316625926654696
5, 11.874999371571382, -2.359862324882344
16, 17.477000929114233, -2.509434555780211
17, 22.706998676134475, -2.700663458584084
18, 25.0250002257155, 0.8874367776502363
19, 20.027998541271774, 1.6363770805206754
20, 14.626000682622, 2.253108980254068
21, 8.908998892318822, 2.692878217982296
22, 2.9929997061543103, 2.9196625934082623
[+] Lines, 43
0, 0, 1
16, 12, 9
20, 12, 15
13, 13, 15
19, 14, 13
18, 0, 14
6, 0, 6
7, 6, 14
9, 14, 8
10, 8, 13
8, 13, 7
11, 7, 15
12, 15, 10
14, 10, 12
15, 12, 11
17, 11, 9
2, 1, 6
3, 6, 8
4, 8, 7
5, 7, 10
21, 10, 11
1, 2, 3
22, 4, 9
23, 4, 5
24, 16, 5
25, 17, 16
26, 2, 17
27, 2, 18
28, 18, 17
29, 17, 19
30, 19, 16
31, 16, 20
32, 20, 5
33, 5, 21
34, 21, 4
35, 4, 22
36, 22, 9
37, 3, 18
38, 18, 19
39, 19, 20
40, 20, 21
41, 21, 22
42, 11, 22
######################################################
######################################################
