######################################################
####### Samson Mano's Varai2D Raw Data ###############
######################################################
[+] End Points, 12
3, -2.1192762151004003E-07, -1.4999999691544543
4, -2.1192762151004003E-07, 1.4999999691544543
5, -2.0000001178183218, 0.4999999897181514
6, -4.0000001296728325, -0.4999999632271987
7, 5.999999876617817, -1.4999999691544543
8, 3.9999999177452112, -1.4999999691544543
0, -6.0000000885454385, -1.4999999691544543
1, -4.0000001296728325, -1.4999999691544543
2, -2.0000001178183218, -1.4999999691544543
9, 1.9999995350173627, -1.4999999691544543
10, 1.9999995350173627, 0.4999999897181514
11, 3.9999999177452112, -0.4999999632271987
[+] Lines, 21
0, 0, 1
1, 1, 2
2, 2, 3
3, 3, 4
4, 2, 5
5, 1, 6
6, 1, 5
7, 2, 4
8, 0, 6
9, 6, 5
10, 5, 4
11, 7, 8
12, 8, 9
13, 9, 3
14, 9, 10
15, 8, 11
16, 8, 10
17, 9, 4
18, 7, 11
19, 11, 10
20, 10, 4
######################################################
######################################################
