######################################################
####### Samson Mano's Varai2D Raw Data ###############
######################################################
[+] End Points, 5
0, -3199.999915467153, -1249.9999859790162
1, -3199.999915467153, 1249.9999859790162
2, 0, 1249.9999859790162
3, 3199.999915467153, 1249.9999859790162
4, 0, -0
[+] Lines, 7
0, 0, 1
1, 1, 2
2, 2, 3
3, 0, 4
4, 4, 3
5, 2, 4
6, 4, 1
######################################################
######################################################
