######################################################
####### Samson Mano's Varai2D Raw Data ###############
######################################################
[+] End Points, 7
0, -215.9999964734448, -0
1, -107.99999640884663, -0
2, 3.655751543775968E-06, -0
3, 107.9999960909552, -0
4, 216.00000076497923, -0
5, -107.99999640884663, 72.00000144708602
6, 107.9999960909552, 72.00000144708602
[+] Lines, 11
0, 0, 1
1, 1, 2
2, 2, 3
3, 3, 4
4, 1, 5
5, 3, 6
6, 5, 2
7, 2, 6
8, 6, 4
9, 0, 5
10, 5, 6
######################################################
######################################################
