######################################################
####### Samson Mano's Varai2D Raw Data ###############
######################################################
[+] End Points, 12
0, -5.999999694492512, -1.5000000411767387
1, -3.9999995866082534, -1.5000000411767387
2, -1.999999558196903, -1.5000000411767387
3, 3.112687189070426E-07, -1.5000000411767387
4, 3.112687189070426E-07, 1.5000000411767387
5, -3.9999995866082534, -0.5000001196893954
6, -1.999999558196903, 0.5000000137255796
7, 5.999999740851691, -1.5000000411767387
8, 4.0000001098046365, -1.5000000411767387
9, 2.0000000549023182, -1.5000000411767387
10, 4.0000001098046365, -0.5000001196893954
11, 2.0000000549023182, 0.5000000137255796
[+] Lines, 21
0, 0, 1
1, 1, 2
2, 2, 3
3, 3, 4
4, 0, 5
5, 5, 6
6, 6, 4
7, 1, 5
8, 5, 2
9, 2, 6
10, 6, 3
11, 7, 8
12, 8, 9
13, 9, 3
14, 7, 10
15, 10, 11
16, 11, 4
17, 8, 10
18, 10, 9
19, 9, 11
20, 11, 3
######################################################
######################################################
