######################################################
####### Samson Mano's Varai2D Raw Data ###############
######################################################
[+] End Points, 12
0, -6000.000317891455, -999.9999735090428
1, -4000.000317891455, -999.9999735090428
2, -2000.0002384185925, -999.9999735090428
3, -0.00010596382107566373, -999.9999735090428
4, 1999.9999867545189, -999.9999735090428
5, 4000.0001887480485, -999.9999735090428
6, 6000.000317891452, -999.9999735090428
7, -0.00010596382107566373, 999.9999735090428
8, 1999.9999867545189, 999.9999735090428
9, -2000.0002384185925, 999.9999735090428
10, -4000.000317891455, 999.9999735090428
11, 4000.0001887480485, 999.9999735090428
[+] Lines, 21
0, 0, 1
1, 1, 2
2, 2, 3
3, 3, 4
4, 4, 5
5, 5, 6
6, 3, 7
7, 4, 8
8, 2, 9
9, 1, 10
10, 5, 11
11, 4, 11
12, 4, 7
13, 2, 7
14, 2, 10
15, 0, 10
16, 10, 9
17, 11, 6
18, 9, 7
19, 7, 8
20, 8, 11
######################################################
######################################################
