######################################################
####### Samson Mano's Varai2D Raw Data ###############
######################################################
[+] End Points, 98
0, -6.0000000885454385, -1.7500000015423811
4, -2.1192762151004003E-07, 1.2499999367665273
12, -7.0000001651152415, -1.7500000015423811
15, -4.0000001296728325, 0.09435192966493479
17, -2.0000001178183218, 0.9784408111364706
18, -3.0323768907141164, 0.6096420696797178
19, -5.084311711182531, -0.7499999956151255
22, -1.0091743707281233, 1.181793850058574
1, -2.1192762151004003E-07, 1.7500000147878567
3, -0.504587291327877, 1.7500000147878567
14, -1.5045872089519532, 1.7500000147878567
13, -2.5161883629811346, 1.7500000147878567
5, -6.0000000885454385, 1.7500000147878567
23, -6.0000000885454385, 2.649095385837268E-08
24, -6.0000000885454385, -0.8749999411665437
25, -5.542155926354941, -1.2500000559758184
11, -3.516188386569026, 1.7500000147878567
29, -6.0000000885454385, 0.8749999941484514
10, -5.172063737585098, 1.7500000147878567
20, -4.344126062077063, 1.7500000147878567
2, -4.542155902767049, -0.32782403076751504
9, -5.2710780221472, 0.2735880015586835
26, -5.000000117939458, 0.9221759324899649
27, -4.172063290141946, 0.9221759324899649
6, -7.0000001651152415, -0.8749999411665437
7, -7.0000001651152415, 2.649095385837268E-08
8, -7.0000001651152415, 0.8749999941484514
16, -7.0000001651152415, 1.7500000147878567
21, -6.500000153321296, -0.8749999411665437
28, -6.500000153321296, 2.649095385837268E-08
30, -6.500000153321296, 0.8749999941484514
31, -6.500000153321296, 1.7500000147878567
32, -9.000000212291026, 0.09435192966493479
33, -9.967623627856106, 0.6096420696797178
34, -11.000000259466807, 0.9784408111364706
35, -11.99082635976973, 1.181793850058574
36, -13.000000306642592, 1.2499999367665273
37, -13.000000306642592, 1.7500000147878567
38, -12.495413333206162, 1.7500000147878567
39, -11.49541330961827, 1.7500000147878567
40, -10.48381236751672, 1.7500000147878567
41, -7.915688595460061, -0.7499999956151255
42, -7.457844380287652, -1.2500000559758184
43, -9.483812343928827, 1.7500000147878567
44, -7.827936992912755, 1.7500000147878567
45, -8.655873820710267, 1.7500000147878567
46, -8.457844403875542, -0.32782403076751504
47, -7.728922708350654, 0.2735880015586835
48, -8.000000188703133, 0.9221759324899649
49, -8.827937016500647, 0.9221759324899649
50, 13.000000306642592, 1.2499999367665273
51, 13.000000306642592, 1.7500000147878567
52, 7.0000001651152415, -1.7500000015423811
53, 6.000000141527351, -1.7500000015423811
54, 9.000000212291026, 0.09435192966493479
55, 9.967623627856106, 0.6096420696797178
56, 11.000000259466807, 0.9784408111364706
57, 11.990825512059207, 1.181793850058574
58, 12.495412485495637, 1.7500000147878567
59, 11.49541330961827, 1.7500000147878567
60, 10.483811519806196, 1.7500000147878567
61, 7.915688595460061, -0.7499999956151255
62, 7.0000001651152415, 2.649095385837268E-08
63, 7.0000001651152415, -0.8749999411665437
64, 7.457844380287652, -1.2500000559758184
65, 9.483811496218305, 1.7500000147878567
66, 7.0000001651152415, 0.8749999941484514
67, 7.0000001651152415, 1.7500000147878567
68, 7.827936145202231, 1.7500000147878567
69, 8.655873820710267, 1.7500000147878567
70, 8.457844403875542, -0.32782403076751504
71, 7.7289218606401295, 0.2735880015586835
72, 8.000000188703133, 0.9221759324899649
73, 8.827937016500647, 0.9221759324899649
74, 6.000000141527351, -0.8749999411665437
75, 6.000000141527351, 2.649095385837268E-08
76, 6.000000141527351, 0.8749999941484514
77, 6.000000141527351, 1.7500000147878567
78, 6.500000153321296, -0.8749999411665437
79, 6.500000153321296, 2.649095385837268E-08
80, 6.500000153321296, 0.8749999941484514
81, 6.500000153321296, 1.7500000147878567
82, 4.000000094351567, 0.09435192966493479
83, 3.032376466858855, 0.6096420696797178
84, 1.9999998352481527, 0.9784408111364706
85, 1.0091737349452308, 1.181793850058574
86, 0.5045867615088, 1.7500000147878567
87, 1.5045867850966916, 1.7500000147878567
88, 2.516187727198242, 1.7500000147878567
89, 5.084311711182531, -0.7499999956151255
90, 5.542155926354941, -1.2500000559758184
91, 3.516187750786133, 1.7500000147878567
92, 5.172063313729837, 1.7500000147878567
93, 4.344126485932325, 1.7500000147878567
94, 4.542155902767049, -0.32782403076751504
95, 5.271077598291938, 0.2735880015586835
96, 5.000000117939458, 0.9221759324899649
97, 4.172063290141946, 0.9221759324899649
[+] Lines, 217
22, 0, 12
30, 15, 18
32, 18, 17
35, 17, 22
36, 22, 4
0, 4, 1
2, 1, 3
14, 22, 3
15, 3, 4
10, 3, 14
16, 17, 14
17, 14, 22
9, 14, 13
18, 18, 13
19, 13, 17
25, 19, 23
3, 0, 24
27, 24, 23
26, 0, 25
28, 25, 19
31, 24, 25
33, 24, 19
8, 13, 11
41, 18, 11
42, 11, 15
24, 23, 29
47, 29, 5
12, 5, 10
20, 10, 20
38, 20, 11
6, 19, 2
7, 2, 15
13, 29, 9
23, 9, 2
29, 23, 9
34, 9, 19
1, 15, 26
37, 26, 5
39, 29, 26
43, 26, 2
44, 26, 10
45, 26, 20
46, 26, 9
40, 15, 27
48, 27, 20
49, 26, 27
50, 27, 11
4, 12, 6
5, 6, 7
11, 7, 8
21, 8, 16
51, 6, 21
55, 21, 24
52, 7, 28
56, 28, 23
53, 8, 30
57, 30, 29
54, 16, 31
58, 31, 5
59, 8, 31
60, 31, 29
61, 7, 30
62, 30, 23
63, 6, 28
64, 28, 24
65, 12, 21
66, 21, 0
67, 32, 33
68, 33, 34
69, 34, 35
70, 35, 36
71, 36, 37
72, 37, 38
73, 35, 38
74, 38, 36
75, 38, 39
76, 34, 39
77, 39, 35
78, 39, 40
79, 33, 40
80, 40, 34
81, 41, 7
82, 12, 42
83, 42, 41
84, 6, 42
85, 6, 41
86, 40, 43
87, 33, 43
88, 43, 32
89, 16, 44
90, 44, 45
91, 45, 43
92, 41, 46
93, 46, 32
94, 8, 47
95, 47, 46
96, 7, 47
97, 47, 41
98, 32, 48
99, 48, 16
100, 8, 48
101, 48, 46
102, 48, 44
103, 48, 45
104, 48, 47
105, 32, 49
106, 49, 45
107, 48, 49
108, 49, 43
109, 50, 51
110, 52, 53
111, 54, 55
112, 55, 56
113, 56, 57
114, 51, 58
115, 57, 58
116, 58, 59
117, 56, 59
118, 59, 57
119, 59, 60
120, 55, 60
121, 60, 56
122, 61, 62
123, 52, 63
124, 63, 62
125, 52, 64
126, 64, 61
127, 63, 64
128, 63, 61
129, 60, 65
130, 55, 65
131, 65, 54
132, 62, 66
133, 66, 67
134, 67, 68
135, 68, 69
136, 69, 65
137, 61, 70
138, 70, 54
139, 66, 71
140, 71, 70
141, 62, 71
142, 71, 61
143, 54, 72
144, 72, 67
145, 66, 72
146, 72, 70
147, 72, 68
148, 72, 69
149, 72, 71
150, 54, 73
151, 73, 69
152, 72, 73
153, 73, 65
154, 53, 74
155, 74, 75
156, 75, 76
157, 76, 77
158, 74, 78
159, 78, 63
160, 75, 79
161, 79, 62
162, 76, 80
163, 80, 66
164, 77, 81
165, 81, 67
166, 76, 81
167, 81, 66
168, 75, 80
169, 80, 62
170, 74, 79
171, 79, 63
172, 53, 78
173, 78, 52
174, 82, 83
175, 83, 84
176, 84, 85
177, 85, 4
178, 1, 86
179, 85, 86
180, 86, 4
181, 86, 87
182, 84, 87
183, 87, 85
184, 87, 88
185, 83, 88
186, 88, 84
187, 89, 75
188, 53, 90
189, 90, 89
190, 74, 90
191, 74, 89
192, 88, 91
193, 83, 91
194, 91, 82
195, 77, 92
196, 92, 93
197, 93, 91
198, 89, 94
199, 94, 82
200, 76, 95
201, 95, 94
202, 75, 95
203, 95, 89
204, 82, 96
205, 96, 77
206, 76, 96
207, 96, 94
208, 96, 92
209, 96, 93
210, 96, 95
211, 82, 97
212, 97, 93
213, 96, 97
214, 97, 91
215, 57, 50
216, 58, 50
######################################################
######################################################
