######################################################
####### Samson Mano's Varai2D Raw Data ###############
######################################################
[+] End Points, 7
0, -6.000000008449785, -1.7320508309517963
1, -2.0000000293075497, -1.7320508309517963
2, 0, 1.7320508309517963
3, -3.0000000042248924, -3.973643201153305E-08
4, 6.000000008449785, -1.7320508309517963
5, 2.0000001087804136, -1.7320508309517963
6, 2.9999998452791643, -3.973643201153305E-08
[+] Lines, 11
0, 0, 1
2, 1, 2
1, 1, 3
3, 0, 3
4, 3, 2
5, 4, 5
6, 5, 2
7, 5, 6
8, 4, 6
9, 6, 2
10, 1, 5
######################################################
######################################################
