######################################################
####### Samson Mano's Varai2D Raw Data ###############
######################################################
[+] End Points, 7
0, -5400.000040820572, -1558.999972975803
1, -1800.0000752777964, -1558.999972975803
2, 1799.9999799103668, -1558.999972975803
3, 5400.000040820576, -1558.999972975803
5, -3600.000173125888, 1558.999972975803
6, -0.00020758311190697553, 1558.999972975803
7, 3599.999690566673, 1558.999972975803
[+] Lines, 11
0, 0, 1
1, 1, 2
2, 2, 3
5, 0, 5
6, 5, 1
7, 1, 6
8, 6, 2
9, 2, 7
10, 7, 3
11, 5, 6
12, 6, 7
######################################################
######################################################
