######################################################
####### Samson Mano's Varai2D Raw Data ###############
######################################################
[+] End Points, 8
0, -58.80000305175781, -222
1, -58.80000305175781, -89.99999999999999
2, 58.80000305175781, -89.99999999999999
3, -58.80000305175781, 66
4, -58.80000305175781, 222
5, 58.80000305175781, -222
6, 58.80000305175781, 66
7, 58.80000305175781, 222
[+] Lines, 15
0, 0, 1
1, 1, 2
2, 1, 3
3, 3, 4
4, 5, 2
5, 2, 6
6, 6, 7
7, 3, 6
8, 4, 7
9, 6, 4
10, 3, 7
11, 1, 6
12, 2, 3
13, 0, 2
14, 5, 1
######################################################
######################################################
