######################################################
####### Samson Mano's Varai2D Raw Data ###############
######################################################
[+] End Points, 12
0, -6000.000190955623, -1299.9999486553766
1, -4000.000137973714, -1299.9999486553766
2, -2000.0000055189419, -1299.9999486553766
3, -0.00010265244739407992, -1299.9999486553766
4, 2000.000026123022, -1299.9999486553766
5, 4000.0001085393224, -1299.9999486553766
6, 6000.000190955623, -1299.9999486553766
7, -4000.000137973714, 300.00010226612284
8, 4000.0001085393224, 300.00010226612284
9, -2000.0000055189419, 900.0000948707303
10, 2000.000026123022, 900.0000948707303
11, -0.00010265244739407992, 1299.9999486553766
[+] Lines, 25
0, 0, 1
1, 1, 2
2, 2, 3
3, 3, 4
4, 4, 5
5, 5, 6
6, 1, 7
7, 5, 8
8, 2, 9
9, 4, 10
10, 3, 11
11, 0, 7
12, 7, 9
13, 9, 11
14, 11, 10
15, 10, 8
16, 8, 6
17, 10, 5
18, 11, 4
19, 11, 2
20, 9, 1
21, 7, 2
22, 9, 3
23, 10, 3
24, 8, 4
######################################################
######################################################
