Member (0 -> 1)
 0 -0 -0  0
-0  0  0 -0
-0  0  0 -0
 0 -0 -0  0

Member (0 -> 2)
 47514.6  -111938 -47514.6   111938
 -111938   263710   111938  -263710
-47514.6   111938  47514.6  -111938
  111938  -263710  -111938   263710

Member (2 -> 1)
  349875   149450  -349875  -149450
  149450  63838.3  -149450 -63838.3
 -349875  -149450   349875   149450
 -149450 -63838.3   149450  63838.3

Global Stiffness Matrix
 47514.6  -111938        0        0 -47514.6   111938
 -111938   263710        0        0   111938  -263710
       0        0   349875   149450  -349875  -149450
       0        0   149450  63838.3  -149450 -63838.3
-47514.6   111938  -349875  -149450   397390  37512.6
  111938  -263710  -149450 -63838.3  37512.6   327548

Global Force Matrix
 0.000000
 0.000000
 0.000000
 0.000000
50.000000
86.602540

Global Constraint A Matrix
 1.000000  0.000000  0.000000  0.000000  0.000000  0.000000
 0.000000  1.000000  0.000000  0.000000  0.000000  0.000000
 0.000000  0.000000  0.500000  0.866025  0.000000  0.000000
 0.866025 -0.500001 -0.866025  0.500001  0.000000  0.000000

Global Lagrange Augmented Stiffness Matrix
  47514.630804 -111937.856471       0.000000       0.000000  -47514.630804  111937.856471       1.000000       0.000000       0.000000       0.866025
-111937.856471  263710.008882       0.000000       0.000000  111937.856471 -263710.008882       0.000000       1.000000       0.000000      -0.500001
      0.000000       0.000000  349875.287208  149450.467354 -349875.287208 -149450.467354       0.000000       0.000000       0.500000      -0.866025
      0.000000       0.000000  149450.467354   63838.296127 -149450.467354  -63838.296127       0.000000       0.000000       0.866025       0.500001
 -47514.630804  111937.856471 -349875.287208 -149450.467354  397389.918012   37512.610883       0.000000       0.000000       0.000000       0.000000
 111937.856471 -263710.008882 -149450.467354  -63838.296127   37512.610883  327548.305009       0.000000       0.000000       0.000000       0.000000
      1.000000       0.000000       0.000000       0.000000       0.000000       0.000000       0.000000       0.000000       0.000000       0.000000
      0.000000       1.000000       0.000000       0.000000       0.000000       0.000000       0.000000       0.000000       0.000000       0.000000
      0.000000       0.000000       0.500000       0.866025       0.000000       0.000000       0.000000       0.000000       0.000000       0.000000
      0.866025      -0.500001      -0.866025       0.500001       0.000000       0.000000       0.000000       0.000000       0.000000       0.000000

Global Lagrange Augmented Force Matrix
 0.000000
 0.000000
 0.000000
 0.000000
50.000000
86.602540
 0.000000
 0.000000
 0.000000
 0.000000

Global Displacement Matrix
 0.000000
-0.000000
 0.000000
-0.000000
 0.000102
 0.000253

Lagrange Multipliers SPC
18.054587
31.271462
63.890826

Global Resultant Matrix
-18.054587
-31.271462
-31.945413
-55.331078
  0.000000
  0.000000

