node, 3, -0.000000, -1.500000
node, 4, -0.000000, 1.500000
node, 5, -2.000000, 0.500000
node, 6, -4.000000, -0.500000
node, 7, 6.000000, -1.500000
node, 0, -6.000000, -1.500000
node, 8, 4.000000, -1.500000
node, 1, -4.000000, -1.500000
node, 2, -2.000000, -1.500000
node, 9, 2.000000, -1.500000
node, 10, 2.000000, 0.500000
node, 11, 4.000000, -0.500000
line, 0, 0, 1, 1
line, 1, 1, 2, 1
line, 2, 2, 3, 1
line, 3, 3, 4, 1
line, 4, 2, 5, 1
line, 5, 1, 6, 1
line, 6, 1, 5, 1
line, 7, 2, 4, 1
line, 8, 0, 6, 1
line, 9, 6, 5, 1
line, 10, 5, 4, 1
line, 11, 7, 8, 1
line, 12, 8, 9, 1
line, 13, 9, 3, 1
line, 14, 9, 10, 1
line, 15, 8, 11, 1
line, 16, 8, 10, 1
line, 17, 9, 4, 1
line, 18, 7, 11, 1
line, 19, 11, 10, 1
line, 20, 10, 4, 1
cnst, 0, 0, 90.000000
cnst, 7, 1, 90.000000
load, 4, 10000.000000, 90.000000
load, 5, 10000.000000, 90.000000
load, 6, 10000.000000, 90.000000
load, 10, 10000.000000, 90.000000
load, 11, 10000.000000, 90.000000
mtrl, 0, Rigid Link, inf, 7.830000e-09, 6014.000000
mtrl, 1, Default material, 2.070000e+05, 7.830000e-09, 6014.000000
