node, 0, -6, -1.75
node, 12, -7, -1.75
node, 4, -2.11928e-07, 1.25
node, 15, -4, 0.0943519
node, 17, -2, 0.978441
node, 18, -3.03238, 0.609642
node, 19, -5.08431, -0.75
node, 22, -1.00917, 1.18179
node, 1, -2.11928e-07, 1.75
node, 3, -0.504587, 1.75
node, 14, -1.50459, 1.75
node, 13, -2.51619, 1.75
node, 5, -6, 1.75
node, 23, -6, 2.6491e-08
node, 24, -6, -0.875
node, 25, -5.54216, -1.25
node, 11, -3.51619, 1.75
node, 29, -6, 0.875
node, 10, -5.17206, 1.75
node, 20, -4.34413, 1.75
node, 2, -4.54216, -0.327824
node, 9, -5.27108, 0.273588
node, 26, -5, 0.922176
node, 27, -4.17206, 0.922176
node, 6, -7, -0.875
node, 7, -7, 2.6491e-08
node, 8, -7, 0.875
node, 16, -7, 1.75
node, 21, -6.5, -0.875
node, 28, -6.5, 2.6491e-08
node, 30, -6.5, 0.875
node, 31, -6.5, 1.75
node, 32, -9, 0.0943519
node, 33, -9.96762, 0.609642
node, 34, -11, 0.978441
node, 35, -11.9908, 1.18179
node, 36, -13, 1.25
node, 37, -13, 1.75
node, 38, -12.4954, 1.75
node, 39, -11.4954, 1.75
node, 40, -10.4838, 1.75
node, 41, -7.91569, -0.75
node, 42, -7.45784, -1.25
node, 43, -9.48381, 1.75
node, 44, -7.82794, 1.75
node, 45, -8.65587, 1.75
node, 46, -8.45784, -0.327824
node, 47, -7.72892, 0.273588
node, 48, -8, 0.922176
node, 49, -8.82794, 0.922176
node, 50, 13, 1.25
node, 51, 13, 1.75
node, 52, 7, -1.75
node, 53, 6, -1.75
node, 54, 9, 0.0943519
node, 55, 9.96762, 0.609642
node, 56, 11, 0.978441
node, 57, 11.9908, 1.18179
node, 58, 12.4954, 1.75
node, 59, 11.4954, 1.75
node, 60, 10.4838, 1.75
node, 61, 7.91569, -0.75
node, 62, 7, 2.6491e-08
node, 63, 7, -0.875
node, 64, 7.45784, -1.25
node, 65, 9.48381, 1.75
node, 66, 7, 0.875
node, 67, 7, 1.75
node, 68, 7.82794, 1.75
node, 69, 8.65587, 1.75
node, 70, 8.45784, -0.327824
node, 71, 7.72892, 0.273588
node, 72, 8, 0.922176
node, 73, 8.82794, 0.922176
node, 74, 6, -0.875
node, 75, 6, 2.6491e-08
node, 76, 6, 0.875
node, 77, 6, 1.75
node, 78, 6.5, -0.875
node, 79, 6.5, 2.6491e-08
node, 80, 6.5, 0.875
node, 81, 6.5, 1.75
node, 82, 4, 0.0943519
node, 83, 3.03238, 0.609642
node, 84, 2, 0.978441
node, 85, 1.00917, 1.18179
node, 86, 0.504587, 1.75
node, 87, 1.50459, 1.75
node, 88, 2.51619, 1.75
node, 89, 5.08431, -0.75
node, 90, 5.54216, -1.25
node, 91, 3.51619, 1.75
node, 92, 5.17206, 1.75
node, 93, 4.34413, 1.75
node, 94, 4.54216, -0.327824
node, 95, 5.27108, 0.273588
node, 96, 5, 0.922176
node, 97, 4.17206, 0.922176
line, 14, 22, 3, 0
line, 30, 15, 18, 0
line, 22, 0, 12, 0
line, 0, 4, 1, 0
line, 32, 18, 17, 0
line, 35, 17, 22, 0
line, 36, 22, 4, 0
line, 2, 1, 3, 0
line, 15, 3, 4, 0
line, 10, 3, 14, 0
line, 16, 17, 14, 0
line, 17, 14, 22, 0
line, 9, 14, 13, 0
line, 18, 18, 13, 0
line, 19, 13, 17, 0
line, 25, 19, 23, 0
line, 3, 0, 24, 0
line, 27, 24, 23, 0
line, 26, 0, 25, 0
line, 28, 25, 19, 0
line, 31, 24, 25, 0
line, 33, 24, 19, 0
line, 8, 13, 11, 0
line, 41, 18, 11, 0
line, 42, 11, 15, 0
line, 24, 23, 29, 0
line, 47, 29, 5, 0
line, 12, 5, 10, 0
line, 20, 10, 20, 0
line, 38, 20, 11, 0
line, 6, 19, 2, 0
line, 7, 2, 15, 0
line, 13, 29, 9, 0
line, 23, 9, 2, 0
line, 29, 23, 9, 0
line, 34, 9, 19, 0
line, 1, 15, 26, 0
line, 37, 26, 5, 0
line, 39, 29, 26, 0
line, 43, 26, 2, 0
line, 44, 26, 10, 0
line, 45, 26, 20, 0
line, 46, 26, 9, 0
line, 40, 15, 27, 0
line, 48, 27, 20, 0
line, 49, 26, 27, 0
line, 50, 27, 11, 0
line, 4, 12, 6, 0
line, 5, 6, 7, 0
line, 11, 7, 8, 0
line, 21, 8, 16, 0
line, 51, 6, 21, 0
line, 55, 21, 24, 0
line, 52, 7, 28, 0
line, 56, 28, 23, 0
line, 53, 8, 30, 0
line, 57, 30, 29, 0
line, 54, 16, 31, 0
line, 58, 31, 5, 0
line, 59, 8, 31, 0
line, 60, 31, 29, 0
line, 61, 7, 30, 0
line, 62, 30, 23, 0
line, 63, 6, 28, 0
line, 64, 28, 24, 0
line, 65, 12, 21, 0
line, 66, 21, 0, 0
line, 67, 32, 33, 0
line, 68, 33, 34, 0
line, 69, 34, 35, 0
line, 70, 35, 36, 0
line, 71, 36, 37, 0
line, 72, 37, 38, 0
line, 73, 35, 38, 0
line, 74, 38, 36, 0
line, 75, 38, 39, 0
line, 76, 34, 39, 0
line, 77, 39, 35, 0
line, 78, 39, 40, 0
line, 79, 33, 40, 0
line, 80, 40, 34, 0
line, 81, 41, 7, 0
line, 82, 12, 42, 0
line, 83, 42, 41, 0
line, 84, 6, 42, 0
line, 85, 6, 41, 0
line, 86, 40, 43, 0
line, 87, 33, 43, 0
line, 88, 43, 32, 0
line, 89, 16, 44, 0
line, 90, 44, 45, 0
line, 91, 45, 43, 0
line, 92, 41, 46, 0
line, 93, 46, 32, 0
line, 94, 8, 47, 0
line, 95, 47, 46, 0
line, 96, 7, 47, 0
line, 97, 47, 41, 0
line, 98, 32, 48, 0
line, 99, 48, 16, 0
line, 100, 8, 48, 0
line, 101, 48, 46, 0
line, 102, 48, 44, 0
line, 103, 48, 45, 0
line, 104, 48, 47, 0
line, 105, 32, 49, 0
line, 106, 49, 45, 0
line, 107, 48, 49, 0
line, 108, 49, 43, 0
line, 109, 50, 51, 0
line, 110, 52, 53, 0
line, 111, 54, 55, 0
line, 112, 55, 56, 0
line, 113, 56, 57, 0
line, 114, 51, 58, 0
line, 115, 57, 58, 0
line, 116, 58, 59, 0
line, 117, 56, 59, 0
line, 118, 59, 57, 0
line, 119, 59, 60, 0
line, 120, 55, 60, 0
line, 121, 60, 56, 0
line, 122, 61, 62, 0
line, 123, 52, 63, 0
line, 124, 63, 62, 0
line, 125, 52, 64, 0
line, 126, 64, 61, 0
line, 127, 63, 64, 0
line, 128, 63, 61, 0
line, 129, 60, 65, 0
line, 130, 55, 65, 0
line, 131, 65, 54, 0
line, 132, 62, 66, 0
line, 133, 66, 67, 0
line, 134, 67, 68, 0
line, 135, 68, 69, 0
line, 136, 69, 65, 0
line, 137, 61, 70, 0
line, 138, 70, 54, 0
line, 139, 66, 71, 0
line, 140, 71, 70, 0
line, 141, 62, 71, 0
line, 142, 71, 61, 0
line, 143, 54, 72, 0
line, 144, 72, 67, 0
line, 145, 66, 72, 0
line, 146, 72, 70, 0
line, 147, 72, 68, 0
line, 148, 72, 69, 0
line, 149, 72, 71, 0
line, 150, 54, 73, 0
line, 151, 73, 69, 0
line, 152, 72, 73, 0
line, 153, 73, 65, 0
line, 154, 53, 74, 0
line, 155, 74, 75, 0
line, 156, 75, 76, 0
line, 157, 76, 77, 0
line, 158, 74, 78, 0
line, 159, 78, 63, 0
line, 160, 75, 79, 0
line, 161, 79, 62, 0
line, 162, 76, 80, 0
line, 163, 80, 66, 0
line, 164, 77, 81, 0
line, 165, 81, 67, 0
line, 166, 76, 81, 0
line, 167, 81, 66, 0
line, 168, 75, 80, 0
line, 169, 80, 62, 0
line, 170, 74, 79, 0
line, 171, 79, 63, 0
line, 172, 53, 78, 0
line, 173, 78, 52, 0
line, 174, 82, 83, 0
line, 175, 83, 84, 0
line, 176, 84, 85, 0
line, 177, 85, 4, 0
line, 178, 1, 86, 0
line, 179, 85, 86, 0
line, 180, 86, 4, 0
line, 181, 86, 87, 0
line, 182, 84, 87, 0
line, 183, 87, 85, 0
line, 184, 87, 88, 0
line, 185, 83, 88, 0
line, 186, 88, 84, 0
line, 187, 89, 75, 0
line, 188, 53, 90, 0
line, 189, 90, 89, 0
line, 190, 74, 90, 0
line, 191, 74, 89, 0
line, 192, 88, 91, 0
line, 193, 83, 91, 0
line, 194, 91, 82, 0
line, 195, 77, 92, 0
line, 196, 92, 93, 0
line, 197, 93, 91, 0
line, 198, 89, 94, 0
line, 199, 94, 82, 0
line, 200, 76, 95, 0
line, 201, 95, 94, 0
line, 202, 75, 95, 0
line, 203, 95, 89, 0
line, 204, 82, 96, 0
line, 205, 96, 77, 0
line, 206, 76, 96, 0
line, 207, 96, 94, 0
line, 208, 96, 92, 0
line, 209, 96, 93, 0
line, 210, 96, 95, 0
line, 211, 82, 97, 0
line, 212, 97, 93, 0
line, 213, 96, 97, 0
line, 214, 97, 91, 0
line, 215, 57, 50, 0
line, 216, 58, 50, 0
cnst, 52, 0, 90
cnst, 12, 0, 90
cnst, 53, 1, 90
cnst, 0, 1, 90
load, 43, 2000, 90
load, 3, 2000, 90
load, 86, 2000, 90
load, 88, 2000, 90
load, 13, 2000, 90
load, 44, 2000, 90
load, 20, 2000, 90
load, 39, 2000, 90
load, 37, 2000, 90
load, 93, 2000, 90
load, 68, 2000, 90
load, 65, 2000, 90
load, 59, 2000, 90
load, 51, 2000, 90
mtrl, 0, Default material, 207000, 7.83e-09, 6014
